# unix_time, cycles_done, cur_path, paths_total, pending_total, pending_favs, map_size, unique_crashes, unique_hangs, max_depth, execs_per_sec
1732356154, 0, 0, 1, 1, 1, 0.01%, 0, 0, 1, 150.94
1732356159, 5, 0, 1, 0, 0, 0.01%, 12, 0, 1, 740.98
1732356164, 17, 0, 1, 0, 0, 0.01%, 12, 0, 1, 589.94
1732356169, 27, 0, 1, 0, 0, 0.01%, 12, 0, 1, 522.98
1732356174, 39, 0, 1, 0, 0, 0.01%, 12, 0, 1, 564.90
1732356180, 48, 0, 1, 0, 0, 0.01%, 12, 0, 1, 495.46
1732356185, 59, 0, 1, 0, 0, 0.01%, 13, 0, 1, 505.36
1732356190, 70, 0, 1, 0, 0, 0.01%, 13, 0, 1, 569.15
1732356195, 81, 0, 1, 0, 0, 0.01%, 13, 0, 1, 568.46
1732356200, 92, 0, 1, 0, 0, 0.01%, 13, 0, 1, 522.66
1732356205, 103, 0, 1, 0, 0, 0.01%, 13, 0, 1, 537.62
1732356210, 113, 0, 1, 0, 0, 0.01%, 13, 0, 1, 498.68
1732356216, 124, 0, 1, 0, 0, 0.01%, 13, 0, 1, 541.24
1732356221, 136, 0, 1, 0, 0, 0.01%, 13, 0, 1, 583.10
1732356226, 146, 0, 1, 0, 0, 0.01%, 13, 0, 1, 511.25
1732356231, 157, 0, 1, 0, 0, 0.01%, 13, 0, 1, 561.24
1732356236, 168, 0, 1, 0, 0, 0.01%, 13, 0, 1, 549.69
1732356241, 179, 0, 1, 0, 0, 0.01%, 13, 0, 1, 556.37
1732356246, 190, 0, 1, 0, 0, 0.01%, 13, 0, 1, 589.82
1732356252, 202, 0, 1, 0, 0, 0.01%, 13, 0, 1, 578.06
1732356257, 214, 0, 1, 0, 0, 0.01%, 13, 0, 1, 579.79
1732356262, 225, 0, 1, 0, 0, 0.01%, 13, 0, 1, 565.39
1732356267, 236, 0, 1, 0, 0, 0.01%, 13, 0, 1, 558.11
1732356272, 248, 0, 1, 0, 0, 0.01%, 13, 0, 1, 568.93
1732356277, 259, 0, 1, 0, 0, 0.01%, 13, 0, 1, 586.85
1732356282, 272, 0, 1, 0, 0, 0.01%, 13, 0, 1, 602.49
1732356287, 283, 0, 1, 0, 0, 0.01%, 13, 0, 1, 580.24
1732356292, 294, 0, 1, 0, 0, 0.01%, 13, 0, 1, 574.06
1732356298, 305, 0, 1, 0, 0, 0.01%, 13, 0, 1, 534.26
1732356303, 316, 0, 1, 0, 0, 0.01%, 13, 0, 1, 567.07
1732356308, 328, 0, 1, 0, 0, 0.01%, 13, 0, 1, 568.99
1732356313, 339, 0, 1, 0, 0, 0.01%, 13, 0, 1, 573.58
1732356318, 350, 0, 1, 0, 0, 0.01%, 13, 0, 1, 538.39
1732356323, 362, 0, 1, 0, 0, 0.01%, 13, 0, 1, 574.01
1732356328, 374, 0, 1, 0, 0, 0.01%, 13, 0, 1, 588.37
1732356334, 386, 0, 1, 0, 0, 0.01%, 13, 0, 1, 582.27
1732356339, 399, 0, 1, 0, 0, 0.01%, 13, 0, 1, 608.93
1732356344, 410, 0, 1, 0, 0, 0.01%, 13, 0, 1, 589.25
1732356349, 421, 0, 1, 0, 0, 0.01%, 13, 0, 1, 580.80
1732356354, 434, 0, 1, 0, 0, 0.01%, 13, 0, 1, 607.36
1732356359, 446, 0, 1, 0, 0, 0.01%, 13, 0, 1, 601.40
1732356364, 457, 0, 1, 0, 0, 0.01%, 13, 0, 1, 593.85
1732356370, 469, 0, 1, 0, 0, 0.01%, 13, 0, 1, 579.87
1732356375, 480, 0, 1, 0, 0, 0.01%, 13, 0, 1, 570.95
1732356380, 492, 0, 1, 0, 0, 0.01%, 13, 0, 1, 564.46
1732356385, 503, 0, 1, 0, 0, 0.01%, 13, 0, 1, 569.04
1732356390, 514, 0, 1, 0, 0, 0.01%, 13, 0, 1, 551.88
1732356395, 526, 0, 1, 0, 0, 0.01%, 13, 0, 1, 585.98
1732356400, 538, 0, 1, 0, 0, 0.01%, 13, 0, 1, 606.17
1732356405, 549, 0, 1, 0, 0, 0.01%, 13, 0, 1, 580.05
1732356411, 562, 0, 1, 0, 0, 0.01%, 13, 0, 1, 594.92
1732356416, 574, 0, 1, 0, 0, 0.01%, 13, 0, 1, 607.47
1732356421, 585, 0, 1, 0, 0, 0.01%, 13, 0, 1, 571.22
1732356426, 597, 0, 1, 0, 0, 0.01%, 13, 0, 1, 584.15
1732356431, 609, 0, 1, 0, 0, 0.01%, 13, 0, 1, 577.33
1732356436, 621, 0, 1, 0, 0, 0.01%, 13, 0, 1, 617.13
1732356441, 633, 0, 1, 0, 0, 0.01%, 13, 0, 1, 631.98
1732356447, 645, 0, 1, 0, 0, 0.01%, 13, 0, 1, 578.26
1732356452, 657, 0, 1, 0, 0, 0.01%, 13, 0, 1, 581.58
1732356457, 669, 0, 1, 0, 0, 0.01%, 13, 0, 1, 600.81
1732356462, 681, 0, 1, 0, 0, 0.01%, 13, 0, 1, 605.61
1732356467, 693, 0, 1, 0, 0, 0.01%, 13, 0, 1, 604.77
1732356472, 706, 0, 1, 0, 0, 0.01%, 13, 0, 1, 650.13
1732356477, 717, 0, 1, 0, 0, 0.01%, 13, 0, 1, 551.92
1732356482, 728, 0, 1, 0, 0, 0.01%, 13, 0, 1, 559.78
1732356487, 740, 0, 1, 0, 0, 0.01%, 13, 0, 1, 581.76
1732356493, 752, 0, 1, 0, 0, 0.01%, 13, 0, 1, 581.20
1732356498, 763, 0, 1, 0, 0, 0.01%, 13, 0, 1, 589.28
1732356503, 775, 0, 1, 0, 0, 0.01%, 13, 0, 1, 617.34
1732356508, 787, 0, 1, 0, 0, 0.01%, 13, 0, 1, 596.55
1732356513, 799, 0, 1, 0, 0, 0.01%, 13, 0, 1, 606.47
1732356518, 811, 0, 1, 0, 0, 0.01%, 13, 0, 1, 585.52
1732356523, 823, 0, 1, 0, 0, 0.01%, 13, 0, 1, 605.40
1732356528, 835, 0, 1, 0, 0, 0.01%, 13, 0, 1, 605.78
1732356533, 846, 0, 1, 0, 0, 0.01%, 13, 0, 1, 603.83
1732356539, 858, 0, 1, 0, 0, 0.01%, 13, 0, 1, 606.77
1732356544, 870, 0, 1, 0, 0, 0.01%, 13, 0, 1, 600.05
1732356549, 882, 0, 1, 0, 0, 0.01%, 13, 0, 1, 591.12
1732356554, 895, 0, 1, 0, 0, 0.01%, 13, 0, 1, 619.10
1732356559, 907, 0, 1, 0, 0, 0.01%, 13, 0, 1, 596.90
1732356564, 919, 0, 1, 0, 0, 0.01%, 13, 0, 1, 626.03
1732356569, 930, 0, 1, 0, 0, 0.01%, 13, 0, 1, 591.09
1732356574, 942, 0, 1, 0, 0, 0.01%, 13, 0, 1, 567.30
1732356580, 954, 0, 1, 0, 0, 0.01%, 13, 0, 1, 597.18
1732356585, 966, 0, 1, 0, 0, 0.01%, 13, 0, 1, 604.22
1732356590, 971, 1, 3, 2, 2, 0.04%, 13, 0, 2, 464.72
1732356626, 971, 2, 3, 1, 1, 0.04%, 13, 0, 2, 77.92
1732356657, 972, 0, 3, 0, 0, 0.04%, 13, 0, 2, 365.27
1732356662, 972, 1, 3, 0, 0, 0.04%, 13, 0, 2, 339.15
1732356667, 972, 2, 3, 0, 0, 0.04%, 13, 0, 2, 355.53
1732356677, 973, 1, 3, 0, 0, 0.04%, 13, 0, 2, 335.37
1732356687, 973, 2, 3, 0, 0, 0.04%, 13, 0, 2, 326.61
1732356698, 974, 1, 3, 0, 0, 0.04%, 13, 0, 2, 275.09
1732356708, 974, 2, 3, 0, 0, 0.04%, 13, 0, 2, 288.46
1732356718, 975, 1, 3, 0, 0, 0.04%, 13, 0, 2, 278.35
1732356728, 975, 2, 3, 0, 0, 0.04%, 13, 0, 2, 296.67
1732356738, 976, 1, 3, 0, 0, 0.04%, 13, 0, 2, 287.96
1732356749, 976, 2, 4, 1, 0, 0.04%, 13, 0, 3, 278.48
1732356764, 976, 3, 4, 1, 1, 0.04%, 13, 0, 3, 277.80
1732356800, 977, 1, 4, 0, 0, 0.04%, 13, 0, 3, 237.04
1732356810, 977, 2, 4, 0, 0, 0.04%, 13, 0, 3, 283.25
1732356825, 977, 3, 4, 0, 0, 0.04%, 13, 0, 3, 215.96
1732356836, 978, 1, 4, 0, 0, 0.04%, 13, 0, 3, 221.86
1732356851, 978, 2, 4, 0, 0, 0.04%, 13, 0, 3, 238.12
1732356861, 978, 3, 4, 0, 0, 0.04%, 13, 0, 3, 221.88
1732356871, 979, 1, 4, 0, 0, 0.04%, 13, 0, 3, 231.33
1732356887, 979, 2, 4, 0, 0, 0.04%, 13, 0, 3, 229.39
1732356897, 979, 3, 4, 0, 0, 0.04%, 13, 0, 3, 234.49
1732356907, 980, 0, 4, 0, 0, 0.04%, 13, 0, 3, 245.60
1732356913, 980, 1, 4, 0, 0, 0.04%, 13, 0, 3, 236.56
1732356923, 980, 2, 4, 0, 0, 0.04%, 13, 0, 3, 225.44
1732356933, 980, 3, 4, 0, 0, 0.04%, 13, 0, 3, 233.41
1732356943, 981, 1, 4, 0, 0, 0.04%, 13, 0, 3, 243.77
1732356959, 981, 2, 4, 0, 0, 0.04%, 13, 0, 3, 228.20
1732356969, 981, 3, 4, 0, 0, 0.04%, 13, 0, 3, 269.32
1732356979, 982, 1, 4, 0, 0, 0.04%, 13, 0, 3, 245.90
1732356994, 982, 2, 4, 0, 0, 0.04%, 13, 0, 3, 206.16
1732357005, 982, 3, 4, 0, 0, 0.04%, 13, 0, 3, 233.87
1732357015, 983, 1, 4, 0, 0, 0.04%, 13, 0, 3, 239.08
1732357030, 983, 2, 4, 0, 0, 0.04%, 13, 0, 3, 240.21
1732357041, 983, 3, 4, 0, 0, 0.04%, 13, 0, 3, 244.56
1732357051, 984, 1, 4, 0, 0, 0.04%, 13, 0, 3, 261.36
1732357066, 984, 2, 4, 0, 0, 0.04%, 13, 0, 3, 231.20
1732357076, 984, 3, 4, 0, 0, 0.04%, 13, 0, 3, 239.41
1732357087, 985, 1, 4, 0, 0, 0.04%, 13, 0, 3, 238.38
1732357097, 985, 2, 4, 0, 0, 0.04%, 13, 0, 3, 239.76
1732357112, 985, 3, 4, 0, 0, 0.04%, 13, 0, 3, 281.31
1732357122, 986, 1, 4, 0, 0, 0.04%, 13, 0, 3, 229.62
1732357132, 986, 2, 4, 0, 0, 0.04%, 13, 0, 3, 251.14
1732357143, 986, 3, 4, 0, 0, 0.04%, 13, 0, 3, 241.67
1732357153, 987, 0, 4, 0, 0, 0.04%, 13, 0, 3, 238.62
1732357158, 987, 1, 4, 0, 0, 0.04%, 13, 0, 3, 222.66
1732357168, 987, 2, 4, 0, 0, 0.04%, 13, 0, 3, 266.27
1732357178, 987, 3, 4, 0, 0, 0.04%, 13, 0, 3, 237.62
1732357188, 988, 0, 4, 0, 0, 0.04%, 13, 0, 3, 262.15
1732357194, 988, 1, 4, 0, 0, 0.04%, 13, 0, 3, 268.79
1732357204, 988, 2, 4, 0, 0, 0.04%, 13, 0, 3, 244.94
1732357214, 988, 3, 4, 0, 0, 0.04%, 13, 0, 3, 228.81
1732357224, 989, 1, 4, 0, 0, 0.04%, 13, 0, 3, 250.57
1732357240, 989, 2, 4, 0, 0, 0.04%, 13, 0, 3, 207.96
1732357250, 989, 3, 4, 0, 0, 0.04%, 13, 0, 3, 235.47
1732357260, 990, 0, 4, 0, 0, 0.04%, 13, 0, 3, 232.04
1732357265, 990, 1, 4, 0, 0, 0.04%, 13, 0, 3, 226.57
1732357275, 990, 2, 4, 0, 0, 0.04%, 13, 0, 3, 229.20
1732357286, 990, 3, 4, 0, 0, 0.04%, 13, 0, 3, 256.75
1732357296, 991, 1, 4, 0, 0, 0.04%, 13, 0, 3, 244.56
1732357311, 991, 2, 4, 0, 0, 0.04%, 13, 0, 3, 242.24
1732357321, 991, 3, 4, 0, 0, 0.04%, 13, 0, 3, 203.99
1732357332, 992, 1, 4, 0, 0, 0.04%, 13, 0, 3, 234.06
1732357347, 992, 2, 4, 0, 0, 0.04%, 13, 0, 3, 220.96
1732357357, 992, 3, 4, 0, 0, 0.04%, 13, 0, 3, 237.56
1732357367, 993, 1, 4, 0, 0, 0.04%, 13, 0, 3, 243.76
1732357383, 993, 2, 4, 0, 0, 0.04%, 13, 0, 3, 229.01
1732357393, 993, 3, 4, 0, 0, 0.04%, 13, 0, 3, 227.45
1732357403, 994, 1, 4, 0, 0, 0.04%, 13, 0, 3, 239.33
1732357419, 994, 2, 4, 0, 0, 0.04%, 13, 0, 3, 228.39
1732357429, 994, 3, 4, 0, 0, 0.04%, 13, 0, 3, 226.93
1732357439, 995, 1, 4, 0, 0, 0.04%, 13, 0, 3, 223.01
1732357454, 995, 2, 4, 0, 0, 0.04%, 13, 0, 3, 232.30
1732357464, 995, 3, 4, 0, 0, 0.04%, 13, 0, 3, 246.19
1732357475, 996, 1, 4, 0, 0, 0.04%, 13, 0, 3, 230.80
1732357490, 996, 2, 4, 0, 0, 0.04%, 13, 0, 3, 222.65
1732357500, 996, 3, 4, 0, 0, 0.04%, 13, 0, 3, 235.92
1732357510, 997, 1, 4, 0, 0, 0.04%, 13, 0, 3, 243.26
1732357526, 997, 2, 4, 0, 0, 0.04%, 13, 0, 3, 226.05
1732357536, 997, 3, 4, 0, 0, 0.04%, 13, 0, 3, 242.61
1732357546, 998, 1, 4, 0, 0, 0.04%, 13, 0, 3, 259.47
1732357557, 998, 2, 4, 0, 0, 0.04%, 13, 0, 3, 283.74
1732357572, 998, 3, 4, 0, 0, 0.04%, 13, 0, 3, 258.84
1732357577, 999, 0, 4, 0, 0, 0.04%, 13, 0, 3, 281.58
1732357582, 999, 1, 4, 0, 0, 0.04%, 13, 0, 3, 243.65
1732357592, 999, 2, 4, 0, 0, 0.04%, 13, 0, 3, 235.46
1732357608, 999, 3, 4, 0, 0, 0.04%, 13, 0, 3, 236.89
1732357613, 1000, 0, 4, 0, 0, 0.04%, 13, 0, 3, 258.05
1732357618, 1000, 1, 4, 0, 0, 0.04%, 13, 0, 3, 237.63
1732357628, 1000, 2, 4, 0, 0, 0.04%, 13, 0, 3, 235.90
1732357638, 1000, 3, 4, 0, 0, 0.04%, 13, 0, 3, 246.42
1732357649, 1001, 1, 4, 0, 0, 0.04%, 13, 0, 3, 256.08
1732357664, 1001, 2, 4, 0, 0, 0.04%, 13, 0, 3, 232.78
1732357674, 1001, 3, 4, 0, 0, 0.04%, 13, 0, 3, 230.23
1732357685, 1002, 1, 4, 0, 0, 0.04%, 13, 0, 3, 227.75
1732357700, 1002, 2, 4, 0, 0, 0.04%, 13, 0, 3, 230.80
1732357710, 1002, 3, 4, 0, 0, 0.04%, 13, 0, 3, 222.75
1732357720, 1003, 1, 4, 0, 0, 0.04%, 13, 0, 3, 227.81
1732357736, 1003, 2, 4, 0, 0, 0.04%, 13, 0, 3, 268.73
1732357746, 1003, 3, 4, 0, 0, 0.04%, 13, 0, 3, 243.59
1732357756, 1004, 1, 4, 0, 0, 0.04%, 13, 0, 3, 235.51
1732357766, 1004, 2, 4, 0, 0, 0.04%, 13, 0, 3, 235.92
1732357782, 1004, 3, 4, 0, 0, 0.04%, 13, 0, 3, 258.64
1732357787, 1005, 0, 4, 0, 0, 0.04%, 13, 0, 3, 253.86
1732357792, 1005, 1, 4, 0, 0, 0.04%, 13, 0, 3, 255.09
1732357802, 1005, 2, 4, 0, 0, 0.04%, 13, 0, 3, 248.04
1732357813, 1005, 3, 4, 0, 0, 0.04%, 13, 0, 3, 246.82
1732357823, 1006, 1, 4, 0, 0, 0.04%, 13, 0, 3, 246.42
1732357833, 1006, 2, 4, 0, 0, 0.04%, 13, 0, 3, 225.54
1732357849, 1006, 3, 4, 0, 0, 0.04%, 13, 0, 3, 248.09
1732357859, 1007, 1, 4, 0, 0, 0.04%, 13, 0, 3, 239.03
1732357869, 1007, 2, 4, 0, 0, 0.04%, 13, 0, 3, 232.16
1732357884, 1007, 3, 4, 0, 0, 0.04%, 13, 0, 3, 228.99
1732357889, 1008, 0, 4, 0, 0, 0.04%, 13, 0, 3, 248.94
1732357895, 1008, 1, 4, 0, 0, 0.04%, 13, 0, 3, 252.55
1732357905, 1008, 2, 4, 0, 0, 0.04%, 13, 0, 3, 247.57
1732357915, 1008, 3, 4, 0, 0, 0.04%, 13, 0, 3, 255.50
1732357925, 1009, 0, 4, 0, 0, 0.04%, 13, 0, 3, 245.78
1732357930, 1009, 1, 4, 0, 0, 0.04%, 13, 0, 3, 234.37
1732357940, 1009, 2, 4, 0, 0, 0.04%, 13, 0, 3, 214.71
1732357951, 1009, 3, 4, 0, 0, 0.04%, 13, 0, 3, 251.63
1732357961, 1010, 0, 4, 0, 0, 0.04%, 13, 0, 3, 230.24
1732357966, 1010, 1, 4, 0, 0, 0.04%, 13, 0, 3, 237.73
1732357976, 1010, 2, 4, 0, 0, 0.04%, 13, 0, 3, 237.23
1732357992, 1010, 3, 4, 0, 0, 0.04%, 13, 0, 3, 255.48
1732357997, 1011, 0, 4, 0, 0, 0.04%, 13, 0, 3, 260.94
1732358002, 1011, 1, 4, 0, 0, 0.04%, 13, 0, 3, 248.80
1732358012, 1011, 2, 4, 0, 0, 0.04%, 13, 0, 3, 254.32
1732358022, 1011, 3, 4, 0, 0, 0.04%, 13, 0, 3, 230.83
1732358033, 1012, 1, 4, 0, 0, 0.04%, 13, 0, 3, 237.17
1732358048, 1012, 2, 4, 0, 0, 0.04%, 13, 0, 3, 231.89
1732358058, 1012, 3, 4, 0, 0, 0.04%, 13, 0, 3, 231.85
1732358068, 1013, 1, 4, 0, 0, 0.04%, 13, 0, 3, 243.59
1732358083, 1013, 2, 4, 0, 0, 0.04%, 13, 0, 3, 232.27
1732358094, 1013, 3, 4, 0, 0, 0.04%, 13, 0, 3, 234.47
1732358104, 1014, 1, 4, 0, 0, 0.04%, 13, 0, 3, 235.68
1732358119, 1014, 2, 4, 0, 0, 0.04%, 13, 0, 3, 217.41
1732358130, 1014, 3, 4, 0, 0, 0.04%, 13, 0, 3, 247.01
1732358140, 1015, 1, 4, 0, 0, 0.04%, 13, 0, 3, 255.97
1732358155, 1015, 2, 4, 0, 0, 0.04%, 13, 0, 3, 243.26
1732358166, 1015, 3, 4, 0, 0, 0.04%, 13, 0, 3, 235.60
1732358176, 1016, 1, 4, 0, 0, 0.04%, 13, 0, 3, 238.03
1732358186, 1016, 2, 4, 0, 0, 0.04%, 13, 0, 3, 251.12
1732358202, 1016, 3, 4, 0, 0, 0.04%, 13, 0, 3, 234.48
1732358212, 1017, 1, 4, 0, 0, 0.04%, 13, 0, 3, 227.80
1732358222, 1017, 2, 4, 0, 0, 0.04%, 13, 0, 3, 279.70
1732358232, 1017, 3, 4, 0, 0, 0.04%, 13, 0, 3, 261.28
1732358242, 1018, 0, 4, 0, 0, 0.04%, 13, 0, 3, 265.91
1732358247, 1018, 1, 4, 0, 0, 0.04%, 13, 0, 3, 260.24
1732358258, 1018, 2, 4, 0, 0, 0.04%, 13, 0, 3, 232.08
1732358268, 1018, 3, 4, 0, 0, 0.04%, 13, 0, 3, 228.42
1732358278, 1019, 1, 4, 0, 0, 0.04%, 13, 0, 3, 241.78
1732358294, 1019, 2, 4, 0, 0, 0.04%, 13, 0, 3, 237.74
1732358304, 1019, 3, 4, 0, 0, 0.04%, 13, 0, 3, 238.41
1732358314, 1020, 0, 4, 0, 0, 0.04%, 13, 0, 3, 231.95
1732358319, 1020, 1, 4, 0, 0, 0.04%, 13, 0, 3, 232.95
1732358330, 1020, 2, 4, 0, 0, 0.04%, 13, 0, 3, 239.92
1732358340, 1020, 3, 4, 0, 0, 0.04%, 13, 0, 3, 245.27
1732358350, 1021, 1, 4, 0, 0, 0.04%, 13, 0, 3, 250.56
1732358365, 1021, 2, 4, 0, 0, 0.04%, 13, 0, 3, 255.41
1732358376, 1021, 3, 4, 0, 0, 0.04%, 13, 0, 3, 237.93
1732358386, 1022, 1, 4, 0, 0, 0.04%, 13, 0, 3, 224.46
1732358396, 1022, 2, 4, 0, 0, 0.04%, 13, 0, 3, 270.45
1732358411, 1022, 3, 4, 0, 0, 0.04%, 13, 0, 3, 246.93
1732358417, 1023, 0, 4, 0, 0, 0.04%, 13, 0, 3, 260.74
1732358422, 1023, 1, 4, 0, 0, 0.04%, 13, 0, 3, 250.28
1732358432, 1023, 2, 4, 0, 0, 0.04%, 13, 0, 3, 230.47
1732358442, 1023, 3, 4, 0, 0, 0.04%, 13, 0, 3, 242.60
1732358453, 1024, 1, 4, 0, 0, 0.04%, 13, 0, 3, 256.21
1732358468, 1024, 2, 4, 0, 0, 0.04%, 13, 0, 3, 224.89
1732358478, 1024, 3, 4, 0, 0, 0.04%, 13, 0, 3, 237.65
1732358489, 1025, 1, 4, 0, 0, 0.04%, 13, 0, 3, 247.55
1732358499, 1025, 2, 4, 0, 0, 0.04%, 13, 0, 3, 255.63
1732358514, 1025, 3, 4, 0, 0, 0.04%, 13, 0, 3, 230.02
1732358519, 1026, 0, 4, 0, 0, 0.04%, 13, 0, 3, 241.22
1732358525, 1026, 1, 4, 0, 0, 0.04%, 13, 0, 3, 236.31
1732358535, 1026, 2, 4, 0, 0, 0.04%, 13, 0, 3, 234.46
1732358545, 1026, 3, 4, 0, 0, 0.04%, 13, 0, 3, 236.85
1732358556, 1027, 0, 4, 0, 0, 0.04%, 13, 0, 3, 231.00
1732358561, 1027, 1, 4, 0, 0, 0.04%, 13, 0, 3, 230.39
1732358571, 1027, 2, 4, 0, 0, 0.04%, 13, 0, 3, 251.62
1732358581, 1027, 3, 4, 0, 0, 0.04%, 13, 0, 3, 232.37
1732358591, 1028, 1, 4, 0, 0, 0.04%, 13, 0, 3, 234.49
1732358606, 1028, 2, 4, 0, 0, 0.04%, 13, 0, 3, 229.41
1732358617, 1028, 3, 4, 0, 0, 0.04%, 13, 0, 3, 222.17
1732358627, 1029, 1, 4, 0, 0, 0.04%, 13, 0, 3, 228.41
1732358637, 1029, 2, 4, 0, 0, 0.04%, 13, 0, 3, 245.26
1732358653, 1029, 3, 4, 0, 0, 0.04%, 13, 0, 3, 231.34
1732358663, 1030, 1, 4, 0, 0, 0.04%, 13, 0, 3, 222.67
1732358673, 1030, 2, 4, 0, 0, 0.04%, 13, 0, 3, 252.45
1732358688, 1030, 3, 4, 0, 0, 0.04%, 13, 0, 3, 236.31
1732358694, 1031, 0, 4, 0, 0, 0.04%, 13, 0, 3, 259.86
1732358699, 1031, 1, 4, 0, 0, 0.04%, 13, 0, 3, 251.95
1732358709, 1031, 2, 4, 0, 0, 0.04%, 13, 0, 3, 246.18
1732358719, 1031, 3, 4, 0, 0, 0.04%, 13, 0, 3, 242.71
1732358730, 1032, 1, 4, 0, 0, 0.04%, 13, 0, 3, 244.69
1732358745, 1032, 2, 4, 0, 0, 0.04%, 13, 0, 3, 227.90
1732358755, 1032, 3, 4, 0, 0, 0.04%, 13, 0, 3, 221.51
1732358765, 1033, 1, 4, 0, 0, 0.04%, 13, 0, 3, 232.95
1732358781, 1033, 2, 4, 0, 0, 0.04%, 13, 0, 3, 239.04
1732358791, 1033, 3, 4, 0, 0, 0.04%, 13, 0, 3, 220.93
1732358801, 1034, 1, 4, 0, 0, 0.04%, 13, 0, 3, 228.65
1732358812, 1034, 2, 4, 0, 0, 0.04%, 13, 0, 3, 264.90
1732358827, 1034, 3, 4, 0, 0, 0.04%, 13, 0, 3, 219.09
1732358837, 1035, 1, 4, 0, 0, 0.04%, 13, 0, 3, 251.02
1732358847, 1035, 2, 4, 0, 0, 0.04%, 13, 0, 3, 231.59
1732358863, 1035, 3, 4, 0, 0, 0.04%, 13, 0, 3, 229.77
1732358868, 1036, 0, 4, 0, 0, 0.04%, 13, 0, 3, 264.63
1732358873, 1036, 1, 4, 0, 0, 0.04%, 13, 0, 3, 250.22
1732358883, 1036, 2, 4, 0, 0, 0.04%, 13, 0, 3, 258.92
1732358894, 1036, 3, 4, 0, 0, 0.04%, 13, 0, 3, 218.17
1732358904, 1037, 0, 4, 0, 0, 0.04%, 13, 0, 3, 249.82
1732358909, 1037, 1, 4, 0, 0, 0.04%, 13, 0, 3, 247.20
1732358919, 1037, 2, 4, 0, 0, 0.04%, 13, 0, 3, 242.49
1732358929, 1037, 3, 4, 0, 0, 0.04%, 13, 0, 3, 240.61
1732358940, 1038, 1, 4, 0, 0, 0.04%, 13, 0, 3, 236.58
1732358955, 1038, 2, 4, 0, 0, 0.04%, 13, 0, 3, 251.10
1732358965, 1038, 3, 4, 0, 0, 0.04%, 13, 0, 3, 240.17
1732358975, 1039, 1, 4, 0, 0, 0.04%, 13, 0, 3, 225.78
1732358991, 1039, 2, 4, 0, 0, 0.04%, 13, 0, 3, 238.73
1732359001, 1039, 3, 4, 0, 0, 0.04%, 13, 0, 3, 234.85
1732359011, 1040, 1, 4, 0, 0, 0.04%, 13, 0, 3, 235.05
1732359026, 1040, 2, 4, 0, 0, 0.04%, 13, 0, 3, 225.28
1732359037, 1040, 3, 4, 0, 0, 0.04%, 13, 0, 3, 238.38
1732359047, 1041, 1, 4, 0, 0, 0.04%, 13, 0, 3, 239.65
1732359062, 1041, 2, 4, 0, 0, 0.04%, 13, 0, 3, 270.13
1732359072, 1041, 3, 4, 0, 0, 0.04%, 13, 0, 3, 224.69
1732359083, 1042, 1, 4, 0, 0, 0.04%, 13, 0, 3, 243.15
1732359093, 1042, 2, 4, 0, 0, 0.04%, 13, 0, 3, 233.24
1732359108, 1042, 3, 4, 0, 0, 0.04%, 13, 0, 3, 184.42
1732359118, 1043, 1, 4, 0, 0, 0.04%, 13, 0, 3, 203.62
1732359134, 1043, 2, 4, 0, 0, 0.04%, 13, 0, 3, 204.10
1732359149, 1043, 3, 4, 0, 0, 0.04%, 13, 0, 3, 193.25
1732359160, 1044, 1, 4, 0, 0, 0.04%, 13, 0, 3, 211.58
1732359175, 1044, 2, 4, 0, 0, 0.04%, 13, 0, 3, 220.50
1732359185, 1044, 3, 4, 0, 0, 0.04%, 13, 0, 3, 252.48
1732359195, 1045, 0, 4, 0, 0, 0.04%, 13, 0, 3, 232.11
1732359200, 1045, 1, 4, 0, 0, 0.04%, 13, 0, 3, 222.39
1732359211, 1045, 2, 4, 0, 0, 0.04%, 13, 0, 3, 202.47
1732359226, 1045, 3, 4, 0, 0, 0.04%, 13, 0, 3, 204.84
1732359237, 1046, 1, 4, 0, 0, 0.04%, 13, 0, 3, 242.44
1732359252, 1046, 2, 4, 0, 0, 0.04%, 13, 0, 3, 235.70
1732359262, 1046, 3, 4, 0, 0, 0.04%, 13, 0, 3, 253.32
1732359272, 1047, 0, 4, 0, 0, 0.04%, 13, 0, 3, 230.10
1732359277, 1047, 1, 4, 0, 0, 0.04%, 13, 0, 3, 215.65
1732359288, 1047, 2, 4, 0, 0, 0.04%, 13, 0, 3, 210.48
1732359303, 1047, 3, 4, 0, 0, 0.04%, 13, 0, 3, 214.52
1732359313, 1048, 0, 4, 0, 0, 0.04%, 13, 0, 3, 231.53
1732359318, 1048, 1, 4, 0, 0, 0.04%, 13, 0, 3, 206.43
1732359329, 1048, 2, 4, 0, 0, 0.04%, 13, 0, 3, 230.19
1732359344, 1048, 3, 4, 0, 0, 0.04%, 13, 0, 3, 210.50
1732359354, 1049, 1, 4, 0, 0, 0.04%, 13, 0, 3, 225.06
1732359365, 1049, 2, 4, 0, 0, 0.04%, 13, 0, 3, 243.66
1732359380, 1049, 3, 4, 0, 0, 0.04%, 13, 0, 3, 200.58
1732359390, 1050, 1, 4, 0, 0, 0.04%, 13, 0, 3, 203.14
1732359406, 1050, 2, 4, 0, 0, 0.04%, 13, 0, 3, 241.35
1732359416, 1050, 3, 4, 0, 0, 0.04%, 13, 0, 3, 235.51
1732359426, 1051, 1, 4, 0, 0, 0.04%, 13, 0, 3, 221.83
1732359441, 1051, 2, 4, 0, 0, 0.04%, 13, 0, 3, 247.31
1732359452, 1051, 3, 4, 0, 0, 0.04%, 13, 0, 3, 229.48
1732359462, 1052, 0, 4, 0, 0, 0.04%, 13, 0, 3, 237.20
1732359467, 1052, 1, 4, 0, 0, 0.04%, 13, 0, 3, 213.24
1732359477, 1052, 2, 4, 0, 0, 0.04%, 13, 0, 3, 245.65
1732359493, 1052, 3, 4, 0, 0, 0.04%, 13, 0, 3, 203.49
1732359503, 1053, 1, 4, 0, 0, 0.04%, 13, 0, 3, 211.00
1732359518, 1053, 2, 4, 0, 0, 0.04%, 13, 0, 3, 208.44
1732359529, 1053, 3, 4, 0, 0, 0.04%, 13, 0, 3, 228.67
1732359539, 1054, 1, 4, 0, 0, 0.04%, 13, 0, 3, 239.48
1732359554, 1054, 2, 4, 0, 0, 0.04%, 13, 0, 3, 225.37
1732359570, 1054, 3, 4, 0, 0, 0.04%, 13, 0, 3, 250.12
1732359580, 1055, 1, 4, 0, 0, 0.04%, 13, 0, 3, 225.80
1732359590, 1055, 2, 4, 0, 0, 0.04%, 13, 0, 3, 256.46
1732359605, 1055, 3, 4, 0, 0, 0.04%, 13, 0, 3, 203.75
1732359615, 1056, 1, 4, 0, 0, 0.04%, 13, 0, 3, 203.68
1732359631, 1056, 2, 4, 0, 0, 0.04%, 13, 0, 3, 214.25
1732359641, 1056, 3, 4, 0, 0, 0.04%, 13, 0, 3, 222.01
1732359651, 1057, 0, 4, 0, 0, 0.04%, 13, 0, 3, 242.65
1732359656, 1057, 1, 4, 0, 0, 0.04%, 13, 0, 3, 225.96
1732359667, 1057, 2, 4, 0, 0, 0.04%, 13, 0, 3, 217.04
1732359682, 1057, 3, 4, 0, 0, 0.04%, 13, 0, 3, 208.08
1732359692, 1058, 1, 4, 0, 0, 0.04%, 13, 0, 3, 217.22
1732359707, 1058, 2, 4, 0, 0, 0.04%, 13, 0, 3, 220.91
1732359718, 1058, 3, 4, 0, 0, 0.04%, 13, 0, 3, 226.52
1732359728, 1059, 1, 4, 0, 0, 0.04%, 13, 0, 3, 207.94
1732359743, 1059, 2, 4, 0, 0, 0.04%, 13, 0, 3, 234.11
1732359754, 1059, 3, 4, 0, 0, 0.04%, 13, 0, 3, 232.55
1732359764, 1060, 1, 4, 0, 0, 0.04%, 13, 0, 3, 218.88
1732359779, 1060, 2, 4, 0, 0, 0.04%, 13, 0, 3, 231.39
1732359790, 1060, 3, 4, 0, 0, 0.04%, 13, 0, 3, 228.54
1732359800, 1061, 1, 4, 0, 0, 0.04%, 13, 0, 3, 205.69
1732359815, 1061, 2, 4, 0, 0, 0.04%, 13, 0, 3, 222.02
1732359825, 1061, 3, 4, 0, 0, 0.04%, 13, 0, 3, 230.66
1732359836, 1062, 0, 4, 0, 0, 0.04%, 13, 0, 3, 215.33
1732359841, 1062, 1, 4, 0, 0, 0.04%, 13, 0, 3, 204.69
1732359851, 1062, 2, 4, 0, 0, 0.04%, 13, 0, 3, 215.71
1732359866, 1062, 3, 4, 0, 0, 0.04%, 13, 0, 3, 216.29
1732359877, 1063, 1, 4, 0, 0, 0.04%, 13, 0, 3, 232.03
1732359892, 1063, 2, 4, 0, 0, 0.04%, 13, 0, 3, 223.13
1732359902, 1063, 3, 4, 0, 0, 0.04%, 13, 0, 3, 219.75
1732359912, 1064, 0, 4, 0, 0, 0.04%, 13, 0, 3, 229.50
1732359917, 1064, 1, 4, 0, 0, 0.04%, 13, 0, 3, 234.65
1732359928, 1064, 2, 4, 0, 0, 0.04%, 13, 0, 3, 233.56
1732359938, 1064, 3, 4, 0, 0, 0.04%, 13, 0, 3, 259.47
1732359948, 1065, 0, 4, 0, 0, 0.04%, 13, 0, 3, 214.83
1732359953, 1065, 1, 4, 0, 0, 0.04%, 13, 0, 3, 216.46
1732359964, 1065, 2, 4, 0, 0, 0.04%, 13, 0, 3, 225.83
1732359979, 1065, 3, 4, 0, 0, 0.04%, 13, 0, 3, 195.88
1732359989, 1066, 1, 4, 0, 0, 0.04%, 13, 0, 3, 224.89
1732360005, 1066, 2, 4, 0, 0, 0.04%, 13, 0, 3, 221.78
1732360015, 1066, 3, 4, 0, 0, 0.04%, 13, 0, 3, 207.76
1732360025, 1067, 1, 4, 0, 0, 0.04%, 13, 0, 3, 236.29
1732360041, 1067, 2, 4, 0, 0, 0.04%, 13, 0, 3, 223.05
1732360056, 1067, 3, 4, 0, 0, 0.04%, 13, 0, 3, 194.32
1732360066, 1068, 1, 4, 0, 0, 0.04%, 13, 0, 3, 221.77
1732360077, 1068, 2, 4, 0, 0, 0.04%, 13, 0, 3, 226.92
1732360092, 1068, 3, 4, 0, 0, 0.04%, 13, 0, 3, 231.66
1732360102, 1069, 1, 4, 0, 0, 0.04%, 13, 0, 3, 230.46
1732360112, 1069, 2, 4, 0, 0, 0.04%, 13, 0, 3, 261.65
1732360128, 1069, 3, 4, 0, 0, 0.04%, 13, 0, 3, 209.97
1732360138, 1070, 1, 4, 0, 0, 0.04%, 13, 0, 3, 221.26
1732360153, 1070, 2, 4, 0, 0, 0.04%, 13, 0, 3, 238.41
1732360163, 1070, 3, 4, 0, 0, 0.04%, 13, 0, 3, 196.54
1732360179, 1071, 1, 4, 0, 0, 0.04%, 13, 0, 3, 213.05
1732360189, 1071, 2, 4, 0, 0, 0.04%, 13, 0, 3, 224.23
1732360205, 1071, 3, 4, 0, 0, 0.04%, 13, 0, 3, 205.18
1732360215, 1072, 0, 4, 0, 0, 0.04%, 13, 0, 3, 225.19
1732360220, 1072, 1, 4, 0, 0, 0.04%, 13, 0, 3, 213.83
1732360230, 1072, 2, 4, 0, 0, 0.04%, 13, 0, 3, 218.85
1732360246, 1072, 3, 4, 0, 0, 0.04%, 13, 0, 3, 219.16
1732360256, 1073, 1, 4, 0, 0, 0.04%, 13, 0, 3, 240.58
1732360271, 1073, 2, 4, 0, 0, 0.04%, 13, 0, 3, 223.37
1732360281, 1073, 3, 4, 0, 0, 0.04%, 13, 0, 3, 240.93
